[[ -432.76924693 -1310.52763777 -2159.85987778 -2741.37629624
  -2933.37213593 -2809.19077821 -2338.69298012 -1672.6537105
  -1065.01031587  -577.78063575  -181.82450184     0.        ]
 [ -420.54934997 -1342.46088759 -2431.18279834 -3136.42334132
  -3257.39710453 -3157.82852348 -2537.57727825 -1618.26402704
   -946.30830003  -487.99466881  -149.95661711     0.        ]
 [ -328.31639969 -1211.33224195 -3091.64309459 -4122.20036244
  -3809.23075954 -4032.98069831 -3040.76081106 -1323.68071501
   -617.60307201  -276.88478859   -79.5246694      0.        ]
 [  -10.34723026   -81.6392985    -71.29206825     0.
      0.             0.           -44.80269288   -13.49428476
     77.43243932    74.33906565    28.21503445     0.        ]
 [  358.00438704   966.26573188   608.26134483     0.
      0.             0.           691.73334049  1234.37971837
    867.09581205   471.71323442   147.26380025     0.        ]
 [  833.97783981  2979.69433393  7145.71649412 10000.
  10000.         10000.          7270.10042182  3393.71301894
   1684.39343655   796.60779308   235.82695365     0.        ]
 [    0.             0.             0.             0.
      0.             0.             0.             0.
      0.             0.             0.             0.        ]]